%YAML:1.0
---
camera_matrix: !!opencv-matrix
   rows: 3
   cols: 3
   dt: d
   data: [ 458.55554007806398, 0., 140.01282713906775, 0.,
       458.63827623647279, 131.68046428562326, 0., 0., 1. ]
distortion_coefficients: !!opencv-matrix
   rows: 1
   cols: 5
   dt: d
   data: [ -0.47936288544883598, 1.0306152084296298,
       0.0023992732413797807, -0.0015223636439364952,
       -2.5626837719674485 ]
squaresX: 11
squaresY: 11
squareLength: 0.095000000000000001
markerLength: 0.074999999999999997
